function COL = colors()
COL.blue_dark  = [1,115,178]/255;
COL.orange     = [222,143,  5]/255;
COL.green      = [  2,158,115]/255;
COL.magenta    = [204,120,188]/255;
COL.red        = [213, 94,  0]/255;
COL.blue_light = [ 86,180,233]/255;
COL.brown      = [139, 69, 19]/255;
end
